  2.000000000000000E-005  2.000000000000000E-005   280.495672676716     
  0.296457500000000       2.000000000000000E-005   275.557170348029     
  0.592895000000000       2.000000000000000E-005   249.501516384162     
  0.889332500000000       2.000000000000000E-005   212.568265047036     
   1.18577000000000       2.000000000000000E-005   179.242355117274     
   1.48220750000000       2.000000000000000E-005   152.538002755696     
   1.77864500000000       2.000000000000000E-005   131.339567282069     
   2.07508250000000       2.000000000000000E-005   114.145905388285     
   2.37152000000000       2.000000000000000E-005   99.9711167215686     
   2.66795750000000       2.000000000000000E-005   88.8437555761247     
   2.96439500000000       2.000000000000000E-005   79.9482626378128     
   3.26083250000000       2.000000000000000E-005   72.6734501357303     
   3.55727000000000       2.000000000000000E-005   66.6129567571702     
   3.85370750000000       2.000000000000000E-005   61.4859414974372     
   4.15014500000000       2.000000000000000E-005   57.0920368117829     
   4.44658250000000       2.000000000000000E-005   53.2844260081830     
   4.74302000000000       2.000000000000000E-005   49.9530613328217     
   5.03945750000000       2.000000000000000E-005   47.0138254326520     
   5.33589500000000       2.000000000000000E-005   44.4013155018342     
   5.63233250000000       2.000000000000000E-005   42.0639111300632     
   5.92877000000000       2.000000000000000E-005   39.9603244678500     
   6.22520750000000       2.000000000000000E-005   38.0571375410184     
   6.52164500000000       2.000000000000000E-005   36.3270120586208     
   6.81808250000000       2.000000000000000E-005   34.7473667328760     
   7.11452000000000       2.000000000000000E-005   33.2993855774983     
  2.000000000000000E-005  0.296457500000000        275.557170350683     
  0.296457500000000       0.296457500000000        266.372712838151     
  0.592895000000000       0.296457500000000        240.052144130462     
  0.889332500000000       0.296457500000000        206.300171060736     
   1.18577000000000       0.296457500000000        175.431147893995     
   1.48220750000000       0.296457500000000        150.147417860720     
   1.77864500000000       0.296457500000000        129.765447062946     
   2.07508250000000       0.296457500000000        113.019088604300     
   2.37152000000000       0.296457500000000        99.1913063695135     
   2.66795750000000       0.296457500000000        88.2967412235688     
   2.96439500000000       0.296457500000000        79.5496439782511     
   3.26083250000000       0.296457500000000        72.3739688777226     
   3.55727000000000       0.296457500000000        66.3822493613990     
   3.85370750000000       0.296457500000000        61.3044491202002     
   4.15014500000000       0.296457500000000        56.9466939252135     
   4.44658250000000       0.296457500000000        53.1662332200395     
   4.74302000000000       0.296457500000000        49.8556554120332     
   5.03945750000000       0.296457500000000        46.9326038409798     
   5.33589500000000       0.296457500000000        44.3328824336588     
   5.63233250000000       0.296457500000000        42.0057167902984     
   5.92877000000000       0.296457500000000        39.9104241864527     
   6.22520750000000       0.296457500000000        38.0140272794729     
   6.52164500000000       0.296457500000000        36.2895138190793     
   6.81808250000000       0.296457500000000        34.7145472865793     
   7.11452000000000       0.296457500000000        33.2704978821718     
  2.000000000000000E-005  0.592895000000000        249.501516395379     
  0.296457500000000       0.592895000000000        240.052144097117     
  0.592895000000000       0.592895000000000        217.473956958436     
  0.889332500000000       0.592895000000000        190.693984851319     
   1.18577000000000       0.592895000000000        165.374719448890     
   1.48220750000000       0.592895000000000        143.572599172768     
   1.77864500000000       0.592895000000000        125.277245260667     
   2.07508250000000       0.592895000000000        109.820460941770     
   2.37152000000000       0.592895000000000        96.9576197037257     
   2.66795750000000       0.592895000000000        86.7145109710593     
   2.96439500000000       0.592895000000000        78.3887001764268     
   3.26083250000000       0.592895000000000        71.4973422028008     
   3.55727000000000       0.592895000000000        65.7043426686937     
   3.85370750000000       0.592895000000000        60.7695621244491     
   4.15014500000000       0.592895000000000        56.5173283796288     
   4.44658250000000       0.592895000000000        52.8164029659153     
   4.74302000000000       0.592895000000000        49.5668964198439     
   5.03945750000000       0.592895000000000        46.6915077807640     
   5.33589500000000       0.592895000000000        44.1295238629821     
   5.63233250000000       0.592895000000000        41.8326224576178     
   5.92877000000000       0.592895000000000        39.7618811007758     
   6.22520750000000       0.592895000000000        37.8856081076884     
   6.52164500000000       0.592895000000000        36.1777450128259     
   6.81808250000000       0.592895000000000        34.6166729425820     
   7.11452000000000       0.592895000000000        33.1843090486932     
  2.000000000000000E-005  0.889332500000000        212.568265053396     
  0.296457500000000       0.889332500000000        206.300170989639     
  0.592895000000000       0.889332500000000        190.693984774494     
  0.889332500000000       0.889332500000000        171.328614240870     
   1.18577000000000       0.889332500000000        151.978083869719     
   1.48220750000000       0.889332500000000        134.295566754313     
   1.77864500000000       0.889332500000000        118.656372108636     
   2.07508250000000       0.889332500000000        104.946086629028     
   2.37152000000000       0.889332500000000        93.5556357588034     
   2.66795750000000       0.889332500000000        84.2593901726662     
   2.96439500000000       0.889332500000000        76.5630745692862     
   3.26083250000000       0.889332500000000        70.1050923998113     
   3.55727000000000       0.889332500000000        64.6195261605159     
   3.85370750000000       0.889332500000000        59.9085409729997     
   4.15014500000000       0.889332500000000        55.8229084468850     
   4.44658250000000       0.889332500000000        52.2484576575183     
   4.74302000000000       0.889332500000000        49.0966311864769     
   5.03945750000000       0.889332500000000        46.2978431134990     
   5.33589500000000       0.889332500000000        43.7967513748638     
   5.63233250000000       0.889332500000000        41.5488485114031     
   5.92877000000000       0.889332500000000        39.5179705027303     
   6.22520750000000       0.889332500000000        37.6744528957013     
   6.52164500000000       0.889332500000000        35.9937491469960     
   6.81808250000000       0.889332500000000        34.4553831894352     
   7.11452000000000       0.889332500000000        33.0421466241343     
  2.000000000000000E-005   1.18577000000000        179.242355132622     
  0.296457500000000        1.18577000000000        175.431147808536     
  0.592895000000000        1.18577000000000        165.374719315123     
  0.889332500000000        1.18577000000000        151.978083779471     
   1.18577000000000        1.18577000000000        137.644687923507     
   1.48220750000000        1.18577000000000        123.710442032198     
   1.77864500000000        1.18577000000000        110.728273940452     
   2.07508250000000        1.18577000000000        99.1095717614761     
   2.37152000000000        1.18577000000000        89.3527949996536     
   2.66795750000000        1.18577000000000        81.1522247134303     
   2.96439500000000        1.18577000000000        74.2109182054459     
   3.26083250000000        1.18577000000000        68.2867915092071     
   3.55727000000000        1.18577000000000        63.1877393030059     
   3.85370750000000        1.18577000000000        58.7626261605644     
   4.15014500000000        1.18577000000000        54.8925127752626     
   4.44658250000000        1.18577000000000        51.4833500275250     
   4.74302000000000        1.18577000000000        48.4602512154469     
   5.03945750000000        1.18577000000000        45.7631127008678     
   5.33589500000000        1.18577000000000        43.3432957522113     
   5.63233250000000        1.18577000000000        41.1611149140955     
   5.92877000000000        1.18577000000000        39.1839305559018     
   6.22520750000000        1.18577000000000        37.3846920786920     
   6.52164500000000        1.18577000000000        35.7408176551076     
   6.81808250000000        1.18577000000000        34.2333263273144     
   7.11452000000000        1.18577000000000        32.8461604523788     
  2.000000000000000E-005   1.48220750000000        152.538002792362     
  0.296457500000000        1.48220750000000        150.147417786104     
  0.592895000000000        1.48220750000000        143.572599021442     
  0.889332500000000        1.48220750000000        134.295566608189     
   1.18577000000000        1.48220750000000        123.710441955049     
   1.48220750000000        1.48220750000000        112.812573124359     
   1.77864500000000        1.48220750000000        102.270705915760     
   2.07508250000000        1.48220750000000        92.8804190799880     
   2.37152000000000        1.48220750000000        84.7066589908659     
   2.66795750000000        1.48220750000000        77.6243628496664     
   2.96439500000000        1.48220750000000        71.4848909093116     
   3.26083250000000        1.48220750000000        66.1454459574150     
   3.55727000000000        1.48220750000000        61.4800508335994     
   3.85370750000000        1.48220750000000        57.3819003249451     
   4.15014500000000        1.48220750000000        53.7621358289521     
   4.44658250000000        1.48220750000000        50.5474210546474     
   4.74302000000000        1.48220750000000        47.6773542633254     
   5.03945750000000        1.48220750000000        45.1021191288303     
   5.33589500000000        1.48220750000000        42.7804930058364     
   5.63233250000000        1.48220750000000        40.6782132130912     
   5.92877000000000        1.48220750000000        38.7666588405955     
   6.22520750000000        1.48220750000000        37.0217951459852     
   6.52164500000000        1.48220750000000        35.4233303011370     
   6.81808250000000        1.48220750000000        33.9540413690757     
   7.11452000000000        1.48220750000000        32.5992342223358     
  2.000000000000000E-005   1.77864500000000        131.339567336369     
  0.296457500000000        1.77864500000000        129.765447012413     
  0.592895000000000        1.77864500000000        125.277245127434     
  0.889332500000000        1.77864500000000        118.656371960702     
   1.18577000000000        1.77864500000000        110.728273841357     
   1.48220750000000        1.77864500000000        102.270705881407     
   1.77864500000000        1.77864500000000        94.1496298808428     
   2.07508250000000        1.77864500000000        86.6647633069444     
   2.37152000000000        1.77864500000000        79.9100863853474     
   2.66795750000000        1.77864500000000        73.8823102750498     
   2.96439500000000        1.77864500000000        68.5302557188445     
   3.26083250000000        1.77864500000000        63.7839620739188     
   3.55727000000000        1.77864500000000        59.5702015894291     
   3.85370750000000        1.77864500000000        55.8199127047766     
   4.15014500000000        1.77864500000000        52.4712051905887     
   4.44658250000000        1.77864500000000        49.4700994407495     
   4.74302000000000        1.77864500000000        46.7701958223962     
   5.03945750000000        1.77864500000000        44.3319035439915     
   5.33589500000000        1.77864500000000        42.1215448385028     
   5.63233250000000        1.77864500000000        40.1104829794604     
   5.92877000000000        1.77864500000000        38.2743362220889     
   6.22520750000000        1.77864500000000        36.5922967141084     
   6.52164500000000        1.77864500000000        35.0465531383424     
   6.81808250000000        1.77864500000000        33.6218072493447     
   7.11452000000000        1.77864500000000        32.3048716812217     
  2.000000000000000E-005   2.07508250000000        114.145905439899     
  0.296457500000000        2.07508250000000        113.019088577839     
  0.592895000000000        2.07508250000000        109.820460854500     
  0.889332500000000        2.07508250000000        104.946086533900     
   1.18577000000000        2.07508250000000        99.1095716937620     
   1.48220750000000        2.07508250000000        92.8804190446576     
   1.77864500000000        2.07508250000000        86.6647632945767     
   2.07508250000000        2.07508250000000        80.7172994281839     
   2.37152000000000        2.07508250000000        75.1740387669409     
   2.66795750000000        2.07508250000000        70.0901154198876     
   2.96439500000000        2.07508250000000        65.4711267040953     
   3.26083250000000        2.07508250000000        61.2953203988601     
   3.55727000000000        2.07508250000000        57.5278104778714     
   3.85370750000000        2.07508250000000        54.1290253626604     
   4.15014500000000        2.07508250000000        51.0593884048689     
   4.44658250000000        2.07508250000000        48.2816946873285     
   4.74302000000000        2.07508250000000        45.7621484357645     
   5.03945750000000        2.07508250000000        43.4706578262278     
   5.33589500000000        2.07508250000000        41.3807414554536     
   5.63233250000000        2.07508250000000        39.4692499676456     
   5.92877000000000        2.07508250000000        37.7160159827693     
   6.22520750000000        2.07508250000000        36.1034927068846     
   6.52164500000000        2.07508250000000        34.6164114470330     
   6.81808250000000        2.07508250000000        33.2414714032788     
   7.11452000000000        2.07508250000000        31.9670659724726     
  2.000000000000000E-005   2.37152000000000        99.9711167447538     
  0.296457500000000        2.37152000000000        99.1913063556692     
  0.592895000000000        2.37152000000000        96.9576196612182     
  0.889332500000000        2.37152000000000        93.5556357079127     
   1.18577000000000        2.37152000000000        89.3527949571383     
   1.48220750000000        2.37152000000000        84.7066589631163     
   1.77864500000000        2.37152000000000        79.9100863709867     
   2.07508250000000        2.37152000000000        75.1740387617469     
   2.37152000000000        2.37152000000000        70.6339847827559     
   2.66795750000000        2.37152000000000        66.3661266108707     
   2.96439500000000        2.37152000000000        62.4048072129534     
   3.26083250000000        2.37152000000000        58.7571560596698     
   3.55727000000000        2.37152000000000        55.4139474803356     
   3.85370750000000        2.37152000000000        52.3570233463358     
   4.15014500000000        2.37152000000000        49.5640712059602     
   4.44658250000000        2.37152000000000        47.0115433921698     
   4.74302000000000        2.37152000000000        44.6763431879191     
   5.03945750000000        2.37152000000000        42.5367270218002     
   5.33589500000000        2.37152000000000        40.5727254931771     
   5.63233250000000        2.37152000000000        38.7662794727309     
   5.92877000000000        2.37152000000000        37.1012148629073     
   6.22520750000000        2.37152000000000        35.5631320093897     
   6.52164500000000        2.37152000000000        34.1392553959278     
   6.81808250000000        2.37152000000000        32.8182702585864     
   7.11452000000000        2.37152000000000        31.5901610571484     
  2.000000000000000E-005   2.66795750000000        88.8437555862627     
  0.296457500000000        2.66795750000000        88.2967412156158     
  0.592895000000000        2.66795750000000        86.7145109485428     
  0.889332500000000        2.66795750000000        84.2593901440644     
   1.18577000000000        2.66795750000000        81.1522246868978     
   1.48220750000000        2.66795750000000        77.6243628297104     
   1.77864500000000        2.66795750000000        73.8823102624626     
   2.07508250000000        2.66795750000000        70.0901154133395     
   2.37152000000000        2.66795750000000        66.3661266084411     
   2.66795750000000        2.66795750000000        62.7881565392356     
   2.96439500000000        2.66795750000000        59.4019896974185     
   3.26083250000000        2.66795750000000        56.2300874065178     
   3.55727000000000        2.66795750000000        53.2790068683850     
   3.85370750000000        2.66795750000000        50.5451085922975     
   4.15014500000000        2.66795750000000        48.0186604362056     
   4.44658250000000        2.66795750000000        45.6866449115438     
   4.74302000000000        2.66795750000000        43.5346007594469     
   5.03945750000000        2.66795750000000        41.5477824632001     
   5.33589500000000        2.66795750000000        39.7118558470376     
   5.63233250000000        2.66795750000000        38.0132873838984     
   5.92877000000000        2.66795750000000        36.4395366337957     
   6.22520750000000        2.66795750000000        34.9791256846731     
   6.52164500000000        2.66795750000000        33.6216344172878     
   6.81808250000000        2.66795750000000        32.3576532761986     
   7.11452000000000        2.66795750000000        31.1787137374296     
  2.000000000000000E-005   2.96439500000000        79.9482626429890     
  0.296457500000000        2.96439500000000        79.5496439736473     
  0.592895000000000        2.96439500000000        78.3887001637852     
  0.889332500000000        2.96439500000000        76.5630745525223     
   1.18577000000000        2.96439500000000        74.2109181887203     
   1.48220750000000        2.96439500000000        71.4848908954386     
   1.77864500000000        2.96439500000000        68.5302557089102     
   2.07508250000000        2.96439500000000        65.4711266979102     
   2.37152000000000        2.96439500000000        62.4048072097072     
   2.66795750000000        2.96439500000000        59.4019896961873     
   2.96439500000000        2.96439500000000        56.5102192951591     
   3.26083250000000        2.96439500000000        53.7585840442024     
   3.55727000000000        2.96439500000000        51.1623744345333     
   3.85370750000000        2.96439500000000        48.7271010316397     
   4.15014500000000        2.96439500000000        46.4516785053438     
   4.44658250000000        2.96439500000000        44.3308088949447     
   4.74302000000000        2.96439500000000        42.3566911396646     
   5.03945750000000        2.96439500000000        40.5202051492209     
   5.33589500000000        2.96439500000000        38.8117057337796     
   5.63233250000000        2.96439500000000        37.2215367648797     
   5.92877000000000        2.96439500000000        35.7403499923974     
   6.22520750000000        2.96439500000000        34.3592905010258     
   6.52164500000000        2.96439500000000        33.0700930477157     
   6.81808250000000        2.96439500000000        31.8651202093373     
   7.11452000000000        2.96439500000000        30.7373636091910     
  2.000000000000000E-005   3.26083250000000        72.6734501389446     
  0.296457500000000        3.26083250000000        72.3739688751932     
  0.592895000000000        3.26083250000000        71.4973421954877     
  0.889332500000000        3.26083250000000        70.1050923897057     
   1.18577000000000        3.26083250000000        68.2867914985310     
   1.48220750000000        3.26083250000000        66.1454459478944     
   1.77864500000000        3.26083250000000        63.7839620664594     
   2.07508250000000        3.26083250000000        61.2953203936494     
   2.37152000000000        3.26083250000000        58.7571560564415     
   2.66795750000000        3.26083250000000        56.2300874048109     
   2.96439500000000        3.26083250000000        53.7585840435472     
   3.26083250000000        3.26083250000000        51.3731953901704     
   3.55727000000000        3.26083250000000        49.0932571605032     
   3.85370750000000        3.26083250000000        46.9295309518493     
   4.15014500000000        3.26083250000000        44.8865040726459     
   4.44658250000000        3.26083250000000        42.9642569321453     
   4.74302000000000        3.26083250000000        41.1599067403878     
   5.03945750000000        3.26083250000000        39.4686831830769     
   5.33589500000000        3.26083250000000        37.8847061116801     
   5.63233250000000        3.26083250000000        36.4015328280550     
   5.92877000000000        3.26083250000000        35.0125329391836     
   6.22520750000000        3.26083250000000        33.7111373194153     
   6.52164500000000        3.26083250000000        32.4909969876235     
   6.81808250000000        3.26083250000000        31.3460786634906     
   7.11452000000000        3.26083250000000        30.2707165918986     
  2.000000000000000E-005   3.55727000000000        66.6129567595874     
  0.296457500000000        3.55727000000000        66.3822493602129     
  0.592895000000000        3.55727000000000        65.7043426644709     
  0.889332500000000        3.55727000000000        64.6195261543515     
   1.18577000000000        3.55727000000000        63.1877392961478     
   1.48220750000000        3.55727000000000        61.4800508271110     
   1.77864500000000        3.55727000000000        59.5702015839836     
   2.07508250000000        3.55727000000000        57.5278104737430     
   2.37152000000000        3.55727000000000        55.4139474774910     
   2.66795750000000        3.55727000000000        53.2790068666260     
   2.96439500000000        3.55727000000000        51.1623744335988     
   3.26083250000000        3.55727000000000        49.0932571601397     
   3.55727000000000        3.55727000000000        47.0921155569165     
   3.85370750000000        3.55727000000000        45.1722906402157     
   4.15014500000000        3.55727000000000        43.3415723536461     
   4.44658250000000        3.55727000000000        41.6035789306186     
   4.74302000000000        3.55727000000000        39.9588995626901     
   5.03945750000000        3.55727000000000        38.4060015217269     
   5.33589500000000        3.55727000000000        36.9419273000579     
   5.63233250000000        3.55727000000000        35.5628164148096     
   5.92877000000000        3.55727000000000        34.2642870282399     
   6.22520750000000        3.55727000000000        33.0417089019503     
   6.52164500000000        3.55727000000000        31.8903940582245     
   6.81808250000000        3.55727000000000        30.8057262704929     
   7.11452000000000        3.55727000000000        29.7832458003786     
  2.000000000000000E-005   3.85370750000000        61.4859414995275     
  0.296457500000000        3.85370750000000        61.3044491198969     
  0.592895000000000        3.85370750000000        60.7695621221146     
  0.889332500000000        3.85370750000000        59.9085409692632     
   1.18577000000000        3.85370750000000        58.7626261561688     
   1.48220750000000        3.85370750000000        57.3819003205638     
   1.77864500000000        3.85370750000000        55.8199127008851     
   2.07508250000000        3.85370750000000        54.1290253595118     
   2.37152000000000        3.85370750000000        52.3570233439979     
   2.66795750000000        3.85370750000000        50.5451085907040     
   2.96439500000000        3.85370750000000        48.7271010306565     
   3.26083250000000        3.85370750000000        46.9295309513273     
   3.55727000000000        3.85370750000000        45.1722906400131     
   3.85370750000000        3.85370750000000        43.4695672004233     
   4.15014500000000        3.85370750000000        41.8308567661964     
   4.44658250000000        3.85370750000000        40.2619350980805     
   4.74302000000000        3.85370750000000        38.7657183250093     
   5.03945750000000        3.85370750000000        37.3429880453415     
   5.33589500000000        3.85370750000000        35.9929797643330     
   5.63233250000000        3.85370750000000        34.7138468700992     
   5.92877000000000        3.85370750000000        33.5030179880157     
   6.22520750000000        3.85370750000000        32.3574666721144     
   6.52164500000000        3.85370750000000        31.2739111128500     
   6.81808250000000        3.85370750000000        30.2489592029219     
   7.11452000000000        3.85370750000000        29.2792116832713     
  2.000000000000000E-005   4.15014500000000        57.0920368137268     
  0.296457500000000        4.15014500000000        56.9466939254983     
  0.592895000000000        4.15014500000000        56.5173283784853     
  0.889332500000000        4.15014500000000        55.8229084447033     
   1.18577000000000        4.15014500000000        54.8925127725008     
   1.48220750000000        4.15014500000000        53.7621358260423     
   1.77864500000000        4.15014500000000        52.4712051878678     
   2.07508250000000        4.15014500000000        51.0593884025490     
   2.37152000000000        4.15014500000000        49.5640712041282     
   2.66795750000000        4.15014500000000        48.0186604348650     
   2.96439500000000        4.15014500000000        46.4516785044379     
   3.26083250000000        4.15014500000000        44.8865040720897     
   3.55727000000000        4.15014500000000        43.3415723533523     
   3.85370750000000        4.15014500000000        41.8308567660833     
   4.15014500000000        4.15014500000000        40.3644876499872     
   4.44658250000000        4.15014500000000        38.9494051538064     
   4.74302000000000        4.15014500000000        37.5899812276088     
   5.03945750000000        4.15014500000000        36.2885753321975     
   5.33589500000000        4.15014500000000        35.0460092750314     
   5.63233250000000        4.15014500000000        33.8619597513029     
   5.92877000000000        4.15014500000000        32.7352745973435     
   6.22520750000000        4.15014500000000        31.6642222696697     
   6.52164500000000        4.15014500000000        30.6466851098320     
   6.81808250000000        4.15014500000000        29.6803065982856     
   7.11452000000000        4.15014500000000        28.7626017420173     
  2.000000000000000E-005   4.44658250000000        53.2844260100576     
  0.296457500000000        4.44658250000000        53.1662332207129     
  0.592895000000000        4.44658250000000        52.8164029655475     
  0.889332500000000        4.44658250000000        52.2484576563590     
   1.18577000000000        4.44658250000000        51.4833500258647     
   1.48220750000000        4.44658250000000        50.5474210527756     
   1.77864500000000        4.44658250000000        49.4700994389045     
   2.07508250000000        4.44658250000000        48.2816946856738     
   2.37152000000000        4.44658250000000        47.0115433907952     
   2.66795750000000        4.44658250000000        45.6866449104813     
   2.96439500000000        4.44658250000000        44.3308088941784     
   3.26083250000000        4.44658250000000        42.9642569316315     
   3.55727000000000        4.44658250000000        41.6035789303078     
   3.85370750000000        4.44658250000000        40.2619350979201     
   4.15014500000000        4.44658250000000        38.9494051537475     
   4.44658250000000        4.44658250000000        37.6734068701899     
   4.74302000000000        4.44658250000000        36.4391284991196     
   5.03945750000000        4.44658250000000        35.2499396288876     
   5.33589500000000        4.44658250000000        34.1077607077009     
   5.63233250000000        4.44658250000000        33.0133826528865     
   5.92877000000000        4.44658250000000        31.9667352630403     
   6.22520750000000        4.44658250000000        30.9671074604674     
   6.52164500000000        4.44658250000000        30.0133245944827     
   6.81808250000000        4.44658250000000        29.1038888595707     
   7.11452000000000        4.44658250000000        28.2370888711871     
  2.000000000000000E-005   4.74302000000000        49.9530613346429     
  0.296457500000000        4.74302000000000        49.8556554129583     
  0.592895000000000        4.74302000000000        49.5668964199845     
  0.889332500000000        4.74302000000000        49.0966311859985     
   1.18577000000000        4.74302000000000        48.4602512145429     
   1.48220750000000        4.74302000000000        47.6773542621907     
   1.77864500000000        4.74302000000000        46.7701958212006     
   2.07508250000000        4.74302000000000        45.7621484346355     
   2.37152000000000        4.74302000000000        44.6763431869350     
   2.66795750000000        4.74302000000000        43.5346007586488     
   2.96439500000000        4.74302000000000        42.3566911390590     
   3.26083250000000        4.74302000000000        41.1599067399577     
   3.55727000000000        4.74302000000000        39.9588995624098     
   3.85370750000000        4.74302000000000        38.7657183248425     
   4.15014500000000        4.74302000000000        37.5899812275246     
   4.44658250000000        4.74302000000000        36.4391284990889     
   4.74302000000000        4.74302000000000        35.3187110867882     
   5.03945750000000        4.74302000000000        34.2326844002169     
   5.33589500000000        4.74302000000000        33.1836869936307     
   5.63233250000000        4.74302000000000        32.1732927119533     
   5.92877000000000        4.74302000000000        31.2022310821712     
   6.22520750000000        4.74302000000000        30.2705749240134     
   6.52164500000000        4.74302000000000        29.3778967297917     
   6.81808250000000        4.74302000000000        28.5233967669864     
   7.11452000000000        4.74302000000000        27.7060064648756     
  2.000000000000000E-005   5.03945750000000        47.0138254344228     
  0.296457500000000        5.03945750000000        46.9326038420697     
  0.592895000000000        5.03945750000000        46.6915077812443     
  0.889332500000000        5.03945750000000        46.2978431134843     
   1.18577000000000        5.03945750000000        45.7631127004900     
   1.48220750000000        5.03945750000000        45.1021191282250     
   1.77864500000000        5.03945750000000        44.3319035432806     
   2.07508250000000        5.03945750000000        43.4706578255066     
   2.37152000000000        5.03945750000000        42.5367270211403     
   2.66795750000000        5.03945750000000        41.5477824626386     
   2.96439500000000        5.03945750000000        40.5202051487749     
   3.26083250000000        5.03945750000000        39.4686831827474     
   3.55727000000000        5.03945750000000        38.4060015215010     
   3.85370750000000        5.03945750000000        37.3429880451963     
   4.15014500000000        5.03945750000000        36.2885753321164     
   4.44658250000000        5.03945750000000        35.2499396288510     
   4.74302000000000        5.03945750000000        34.2326844002048     
   5.03945750000000        5.03945750000000        33.2410431799718     
   5.33589500000000        5.03945750000000        32.2780836584875     
   5.63233250000000        5.03945750000000        31.3459011814749     
   5.92877000000000        5.03945750000000        30.4457947668629     
   6.22520750000000        5.03945750000000        29.5784223709071     
   6.52164500000000        5.03945750000000        28.7439346214147     
   6.81808250000000        5.03945750000000        27.9420878168987     
   7.11452000000000        5.03945750000000        27.1723378987357     
  2.000000000000000E-005   5.33589500000000        44.4013155035556     
  0.296457500000000        5.33589500000000        44.3328824348444     
  0.592895000000000        5.33589500000000        44.1295238636855     
  0.889332500000000        5.33589500000000        43.7967513751636     
   1.18577000000000        5.33589500000000        43.3432957522001     
   1.48220750000000        5.33589500000000        42.7804930056130     
   1.77864500000000        5.33589500000000        42.1215448381531     
   2.07508250000000        5.33589500000000        41.3807414550507     
   2.37152000000000        5.33589500000000        40.5727254927825     
   2.66795750000000        5.33589500000000        39.7118558466821     
   2.96439500000000        5.33589500000000        38.8117057334859     
   3.26083250000000        5.33589500000000        37.8847061114535     
   3.55727000000000        5.33589500000000        36.9419272998986     
   3.85370750000000        5.33589500000000        35.9929797642306     
   4.15014500000000        5.33589500000000        35.0460092749718     
   4.44658250000000        5.33589500000000        34.1077607076716     
   4.74302000000000        5.33589500000000        33.1836869936218     
   5.03945750000000        5.33589500000000        32.2780836584887     
   5.33589500000000        5.33589500000000        31.3942338525199     
   5.63233250000000        5.33589500000000        30.5345530382516     
   5.92877000000000        5.33589500000000        29.7007261603805     
   6.22520750000000        5.33589500000000        28.8938330300257     
   6.52164500000000        5.33589500000000        28.1144598215210     
   6.81808250000000        5.33589500000000        27.3627960974010     
   7.11452000000000        5.33589500000000        26.6387177713349     
  2.000000000000000E-005   5.63233250000000        42.0639111317303     
  0.296457500000000        5.63233250000000        42.0057167915370     
  0.592895000000000        5.63233250000000        41.8326224584671     
  0.889332500000000        5.63233250000000        41.5488485119220     
   1.18577000000000        5.63233250000000        41.1611149143454     
   1.48220750000000        5.63233250000000        40.6782132131415     
   1.77864500000000        5.63233250000000        40.1104829793802     
   2.07508250000000        5.63233250000000        39.4692499674880     
   2.37152000000000        5.63233250000000        38.7662794725438     
   2.66795750000000        5.63233250000000        38.0132873837160     
   2.96439500000000        5.63233250000000        37.2215367647189     
   3.26083250000000        5.63233250000000        36.4015328279288     
   3.55727000000000        5.63233250000000        35.5628164147219     
   3.85370750000000        5.63233250000000        34.7138468700410     
   4.15014500000000        5.63233250000000        33.8619597512749     
   4.44658250000000        5.63233250000000        33.0133826528777     
   4.74302000000000        5.63233250000000        32.1732927119568     
   5.03945750000000        5.63233250000000        31.3459011814847     
   5.33589500000000        5.63233250000000        30.5345530382582     
   5.63233250000000        5.63233250000000        29.7418323574132     
   5.92877000000000        5.63233250000000        28.9696667678395     
   6.22520750000000        5.63233250000000        28.2194265104025     
   6.52164500000000        5.63233250000000        27.4920153846988     
   6.81808250000000        5.63233250000000        26.7879522008395     
   7.11452000000000        5.63233250000000        26.1074423028464     
  2.000000000000000E-005   5.92877000000000        39.9603244694577     
  0.296457500000000        5.92877000000000        39.9104241877143     
  0.592895000000000        5.92877000000000        39.7618811017164     
  0.889332500000000        5.92877000000000        39.5179705033949     
   1.18577000000000        5.92877000000000        39.1839305563347     
   1.48220750000000        5.92877000000000        38.7666588408483     
   1.77864500000000        5.92877000000000        38.2743362222088     
   2.07508250000000        5.92877000000000        37.7160159828026     
   2.37152000000000        5.92877000000000        37.1012148628880     
   2.66795750000000        5.92877000000000        36.4395366337562     
   2.96439500000000        5.92877000000000        35.7403499923528     
   3.26083250000000        5.92877000000000        35.0125329391485     
   3.55727000000000        5.92877000000000        34.2642870282177     
   3.85370750000000        5.92877000000000        33.5030179880108     
   4.15014500000000        5.92877000000000        32.7352745973531     
   4.44658250000000        5.92877000000000        31.9667352630581     
   4.74302000000000        5.92877000000000        31.2022310821948     
   5.03945750000000        5.92877000000000        30.4457947668861     
   5.33589500000000        5.92877000000000        29.7007261603991     
   5.63233250000000        5.92877000000000        28.9696667678502     
   5.92877000000000        5.92877000000000        28.2546774664397     
   6.22520750000000        5.92877000000000        27.5573151624265     
   6.52164500000000        5.92877000000000        26.8787055284421     
   6.81808250000000        5.92877000000000        26.2196100529158     
   7.11452000000000        5.92877000000000        25.5804864715665     
  2.000000000000000E-005   6.22520750000000        38.0571375425649     
  0.296457500000000        6.22520750000000        38.0140272807351     
  0.592895000000000        6.22520750000000        37.8856081086835     
  0.889332500000000        6.22520750000000        37.6744528964608     
   1.18577000000000        6.22520750000000        37.3846920792497     
   1.48220750000000        6.22520750000000        37.0217951463807     
   1.77864500000000        6.22520750000000        36.5922967143780     
   2.07508250000000        6.22520750000000        36.1034927070644     
   2.37152000000000        6.22520750000000        35.5631320095049     
   2.66795750000000        6.22520750000000        34.9791256847479     
   2.96439500000000        6.22520750000000        34.3592905010799     
   3.26083250000000        6.22520750000000        33.7111373194610     
   3.55727000000000        6.22520750000000        33.0417089019955     
   3.85370750000000        6.22520750000000        32.3574666721582     
   4.15014500000000        6.22520750000000        31.6642222697147     
   4.44658250000000        6.22520750000000        30.9671074605137     
   4.74302000000000        6.22520750000000        30.2705749240586     
   5.03945750000000        6.22520750000000        29.5784223709487     
   5.33589500000000        6.22520750000000        28.8938330300599     
   5.63233250000000        6.22520750000000        28.2194265104272     
   5.92877000000000        6.22520750000000        27.5573151624395     
   6.22520750000000        6.22520750000000        26.9091621794970     
   6.52164500000000        6.22520750000000        26.2762386973545     
   6.81808250000000        6.22520750000000        25.6594780141365     
   7.11452000000000        6.22520750000000        25.0595257538626     
  2.000000000000000E-005   6.52164500000000        36.3270120601064     
  0.296457500000000        6.52164500000000        36.2895138203261     
  0.592895000000000        6.52164500000000        36.1777450138527     
  0.889332500000000        6.52164500000000        35.9937491478197     
   1.18577000000000        6.52164500000000        35.7408176557549     
   1.48220750000000        6.52164500000000        35.4233303016388     
   1.77864500000000        6.52164500000000        35.0465531387249     
   2.07508250000000        6.52164500000000        34.6164114473223     
   2.37152000000000        6.52164500000000        34.1392553961484     
   2.66795750000000        6.52164500000000        33.6216344174610     
   2.96439500000000        6.52164500000000        33.0700930478511     
   3.26083250000000        6.52164500000000        32.4909969877380     
   3.55727000000000        6.52164500000000        31.8903940583261     
   3.85370750000000        6.52164500000000        31.2739111129427     
   4.15014500000000        6.52164500000000        30.6466851099157     
   4.44658250000000        6.52164500000000        30.0133245945601     
   4.74302000000000        6.52164500000000        29.3778967298614     
   5.03945750000000        6.52164500000000        28.7439346214753     
   5.33589500000000        6.52164500000000        28.1144598215719     
   5.63233250000000        6.52164500000000        27.4920153847389     
   5.92877000000000        6.52164500000000        26.8787055284702     
   6.22520750000000        6.52164500000000        26.2762386973684     
   6.52164500000000        6.52164500000000        25.6859715584939     
   6.81808250000000        6.52164500000000        25.1089521127374     
   7.11452000000000        6.52164500000000        24.5459606674789     
  2.000000000000000E-005   6.81808250000000        34.7473667343022     
  0.296457500000000        6.81808250000000        34.7145472878030     
  0.592895000000000        6.81808250000000        34.6166729436173     
  0.889332500000000        6.81808250000000        34.4553831902963     
   1.18577000000000        6.81808250000000        34.2333263280199     
   1.48220750000000        6.81808250000000        33.9540413696496     
   1.77864500000000        6.81808250000000        33.6218072498085     
   2.07508250000000        6.81808250000000        33.2414714036512     
   2.37152000000000        6.81808250000000        32.8182702588894     
   2.66795750000000        6.81808250000000        32.3576532764453     
   2.96439500000000        6.81808250000000        31.8651202095432     
   3.26083250000000        6.81808250000000        31.3460786636652     
   3.55727000000000        6.81808250000000        30.8057262706448     
   3.85370750000000        6.81808250000000        30.2489592030559     
   4.15014500000000        6.81808250000000        29.6803065984058     
   4.44658250000000        6.81808250000000        29.1038888596771     
   4.74302000000000        6.81808250000000        28.5233967670804     
   5.03945750000000        6.81808250000000        27.9420878169807     
   5.33589500000000        6.81808250000000        27.3627960974701     
   5.63233250000000        6.81808250000000        26.7879522008955     
   5.92877000000000        6.81808250000000        26.2196100529586     
   6.22520750000000        6.81808250000000        25.6594780141653     
   6.52164500000000        6.81808250000000        25.1089521127518     
   6.81808250000000        6.81808250000000        24.5691497511511     
   7.11452000000000        6.81808250000000        24.0409426615112     
  2.000000000000000E-005   7.11452000000000        33.2993855788638     
  0.296457500000000        7.11452000000000        33.2704978833654     
  0.592895000000000        7.11452000000000        33.1843090497238     
  0.889332500000000        7.11452000000000        33.0421466250161     
   1.18577000000000        7.11452000000000        32.8461604531212     
   1.48220750000000        7.11452000000000        32.5992342229620     
   1.77864500000000        7.11452000000000        32.3048716817426     
   2.07508250000000        7.11452000000000        31.9670659729075     
   2.37152000000000        7.11452000000000        31.5901610575126     
   2.66795750000000        7.11452000000000        31.1787137377368     
   2.96439500000000        7.11452000000000        30.7373636094526     
   3.26083250000000        7.11452000000000        30.2707165921237     
   3.55727000000000        7.11452000000000        29.7832458005749     
   3.85370750000000        7.11452000000000        29.2792116834430     
   4.15014500000000        7.11452000000000        28.7626017421694     
   4.44658250000000        7.11452000000000        28.2370888713211     
   4.74302000000000        7.11452000000000        27.7060064649944     
   5.03945750000000        7.11452000000000        27.1723378988406     
   5.33589500000000        7.11452000000000        26.6387177714229     
   5.63233250000000        7.11452000000000        26.1074423029192     
   5.92877000000000        7.11452000000000        25.5804864716258     
   6.22520750000000        7.11452000000000        25.0595257539068     
   6.52164500000000        7.11452000000000        24.5459606675074     
   6.81808250000000        7.11452000000000        24.0409426615259     
   7.11452000000000        7.11452000000000        23.5454002216088     
